helmet 0 0 0 1 94 24 152 0 0 0 0 0 0 0
head 0 0 0 232 131 274 180 0 0 0 0 0 0 0
head 0 0 0 161 137 200 186 0 0 0 0 0 0 0
head 0 0 0 305 140 346 196 0 0 0 0 0 0 0
head 0 0 0 339 155 368 198 0 0 0 0 0 0 0
head 0 0 0 257 107 286 142 0 0 0 0 0 0 0
head 0 0 0 203 104 232 140 0 0 0 0 0 0 0
head 0 0 0 462 119 486 152 0 0 0 0 0 0 0
head 0 0 0 392 112 418 147 0 0 0 0 0 0 0
head 0 0 0 386 94 409 124 0 0 0 0 0 0 0
head 0 0 0 159 118 193 151 0 0 0 0 0 0 0
head 0 0 0 414 124 436 159 0 0 0 0 0 0 0
head 0 0 0 417 101 440 128 0 0 0 0 0 0 0
head 0 0 0 221 127 244 161 0 0 0 0 0 0 0
head 0 0 0 453 112 471 139 0 0 0 0 0 0 0
head 0 0 0 488 104 499 134 0 0 0 0 0 0 0
