helmet 0 0 0 207 150 226 176 0 0 0 0 0 0 0
helmet 0 0 0 43 160 59 179 0 0 0 0 0 0 0
helmet 0 0 0 14 153 28 167 0 0 0 0 0 0 0
helmet 0 0 0 25 159 39 178 0 0 0 0 0 0 0
helmet 0 0 0 81 158 93 176 0 0 0 0 0 0 0
helmet 0 0 0 100 154 113 173 0 0 0 0 0 0 0
helmet 0 0 0 112 160 130 183 0 0 0 0 0 0 0
helmet 0 0 0 144 151 162 173 0 0 0 0 0 0 0
helmet 0 0 0 193 159 207 179 0 0 0 0 0 0 0
helmet 0 0 0 184 155 196 173 0 0 0 0 0 0 0
helmet 0 0 0 238 154 252 172 0 0 0 0 0 0 0
helmet 0 0 0 254 153 267 173 0 0 0 0 0 0 0
helmet 0 0 0 268 158 284 179 0 0 0 0 0 0 0
head 0 0 0 346 169 373 196 0 0 0 0 0 0 0
helmet 0 0 0 298 151 317 172 0 0 0 0 0 0 0
helmet 0 0 0 339 151 352 169 0 0 0 0 0 0 0
helmet 0 0 0 363 151 382 174 0 0 0 0 0 0 0
