helmet 0 0 0 2 131 33 170 0 0 0 0 0 0 0
head 0 0 0 458 149 499 207 0 0 0 0 0 0 0
head 0 0 0 99 140 129 176 0 0 0 0 0 0 0
head 0 0 0 265 131 289 166 0 0 0 0 0 0 0
head 0 0 0 223 134 251 161 0 0 0 0 0 0 0
head 0 0 0 151 127 175 162 0 0 0 0 0 0 0
head 0 0 0 65 127 88 154 0 0 0 0 0 0 0
helmet 0 0 0 124 120 144 145 0 0 0 0 0 0 0
head 0 0 0 122 134 140 156 0 0 0 0 0 0 0
head 0 0 0 190 128 208 155 0 0 0 0 0 0 0
head 0 0 0 216 124 234 153 0 0 0 0 0 0 0
head 0 0 0 301 126 324 154 0 0 0 0 0 0 0
head 0 0 0 250 124 266 144 0 0 0 0 0 0 0
