helmet 0 0 0 63 99 125 187 0 0 0 0 0 0 0
helmet 0 0 0 1 93 34 183 0 0 0 0 0 0 0
helmet 0 0 0 198 95 263 184 0 0 0 0 0 0 0
helmet 0 0 0 124 83 187 158 0 0 0 0 0 0 0
helmet 0 0 0 43 61 96 139 0 0 0 0 0 0 0
helmet 0 0 0 170 57 221 122 0 0 0 0 0 0 0
helmet 0 0 0 244 58 298 149 0 0 0 0 0 0 0
helmet 0 0 0 21 65 63 130 0 0 0 0 0 0 0
helmet 0 0 0 1 49 29 99 0 0 0 0 0 0 0
helmet 0 0 0 123 37 167 91 0 0 0 0 0 0 0
helmet 0 0 0 288 65 321 137 0 0 0 0 0 0 0
helmet 0 0 0 63 44 106 92 0 0 0 0 0 0 0
helmet 0 0 0 232 8 266 41 0 0 0 0 0 0 0
helmet 0 0 0 263 22 301 69 0 0 0 0 0 0 0
helmet 0 0 0 309 51 336 125 0 0 0 0 0 0 0
helmet 0 0 0 110 12 142 56 0 0 0 0 0 0 0
helmet 0 0 0 89 32 122 82 0 0 0 0 0 0 0
