head 0 0 0 437 121 486 165 0 0 0 0 0 0 0
head 0 0 0 128 112 158 148 0 0 0 0 0 0 0
head 0 0 0 385 122 420 160 0 0 0 0 0 0 0
head 0 0 0 275 119 302 148 0 0 0 0 0 0 0
head 0 0 0 473 97 498 143 0 0 0 0 0 0 0
helmet 0 0 0 157 119 173 147 0 0 0 0 0 0 0
helmet 0 0 0 192 128 208 148 0 0 0 0 0 0 0
helmet 0 0 0 257 132 273 152 0 0 0 0 0 0 0
head 0 0 0 216 134 232 155 0 0 0 0 0 0 0
head 0 0 0 173 134 190 156 0 0 0 0 0 0 0
head 0 0 0 305 130 330 162 0 0 0 0 0 0 0
head 0 0 0 329 129 343 150 0 0 0 0 0 0 0
head 0 0 0 359 133 380 155 0 0 0 0 0 0 0
