helmet 0 0 0 40.895999999999994 112.08533333333332 61.91199999999999 149.19466666666665 0 0 0 0 0 0 0
helmet 0 0 0 5.111999999999999 93.90933333333334 34.647999999999996 141.62133333333333 0 0 0 0 0 0 0
helmet 0 0 0 124.392 118.90133333333333 140.86399999999998 148.43733333333333 0 0 0 0 0 0 0
helmet 0 0 0 240.83199999999997 83.30666666666666 279.45599999999996 142.37866666666667 0 0 0 0 0 0 0
helmet 0 0 0 63.047999999999995 120.416 79.52 149.952 0 0 0 0 0 0 0
helmet 0 0 0 85.76799999999999 117.38666666666666 103.94399999999999 143.89333333333332 0 0 0 0 0 0 0
helmet 0 0 0 217.54399999999998 119.65866666666666 234.016 151.46666666666667 0 0 0 0 0 0 0
helmet 0 0 0 178.35199999999998 114.35733333333333 194.82399999999998 140.864 0 0 0 0 0 0 0
helmet 0 0 0 203.344 110.57066666666667 218.11199999999997 140.10666666666665 0 0 0 0 0 0 0
helmet 0 0 0 156.2 115.872 169.832 143.136 0 0 0 0 0 0 0
helmet 0 0 0 235.152 109.81333333333333 250.48799999999997 149.19466666666665 0 0 0 0 0 0 0
