helmet 0 0 0 24.192592592592593 98.45333333333333 34.18518518518518 123.06666666666666 0 0 0 0 0 0 0
helmet 0 0 0 62.05925925925926 85.2 83.62222222222222 131.58666666666667 0 0 0 0 0 0 0
helmet 0 0 0 93.6148148148148 85.2 116.22962962962963 130.64 0 0 0 0 0 0 0
head 0 0 0 128.85185185185185 92.77333333333333 144.62962962962962 127.8 0 0 0 0 0 0 0
head 0 0 0 41.02222222222222 87.09333333333333 55.22222222222222 117.38666666666667 0 0 0 0 0 0 0
head 0 0 0 8.414814814814815 86.14666666666666 21.562962962962963 120.22666666666666 0 0 0 0 0 0 0
head 0 0 0 234.03703703703704 120.22666666666666 246.65925925925924 150.52 0 0 0 0 0 0 0
head 0 0 0 196.17037037037036 101.29333333333334 213.52592592592592 133.48 0 0 0 0 0 0 0
head 0 0 0 180.3925925925926 114.54666666666667 191.43703703703704 141.05333333333334 0 0 0 0 0 0 0
head 0 0 0 162.5111111111111 108.86666666666666 180.9185185185185 142.0 0 0 0 0 0 0 0
head 0 0 0 155.67407407407407 119.28 166.19259259259258 150.52 0 0 0 0 0 0 0
head 0 0 0 140.94814814814814 118.33333333333333 153.04444444444445 146.73333333333332 0 0 0 0 0 0 0
