helmet 0 0 0 46.007999999999996 3.4216867469879517 95.99199999999999 82.97590361445783 0 0 0 0 0 0 0
helmet 0 0 0 178.35199999999998 4.27710843373494 196.528 48.75903614457831 0 0 0 0 0 0 0
helmet 0 0 0 109.624 6.843373493975903 126.09599999999999 38.493975903614455 0 0 0 0 0 0 0
helmet 0 0 0 130.64 10.265060240963855 141.432 36.78313253012048 0 0 0 0 0 0 0
helmet 0 0 0 205.04799999999997 5.9879518072289155 228.90399999999997 60.734939759036145 0 0 0 0 0 0 0
head 0 0 0 90.88 25.662650602409638 113.032 79.55421686746988 0 0 0 0 0 0 0
head 0 0 0 114.16799999999999 42.77108433734939 133.48 84.6867469879518 0 0 0 0 0 0 0
head 0 0 0 145.976 14.542168674698795 155.064 33.36144578313253 0 0 0 0 0 0 0
head 0 0 0 161.31199999999998 15.397590361445783 175.51199999999997 41.06024096385542 0 0 0 0 0 0 0
head 0 0 0 212.432 0.8554216867469879 272.072 84.6867469879518 0 0 0 0 0 0 0
