helmet 0 0 0 43.168 156.01066666666665 58.504 177.21599999999998 0 0 0 0 0 0 0
helmet 0 0 0 59.071999999999996 145.408 73.27199999999999 166.61333333333332 0 0 0 0 0 0 0
helmet 0 0 0 113.6 148.43733333333333 126.09599999999999 166.61333333333332 0 0 0 0 0 0 0
helmet 0 0 0 94.856 156.768 109.05599999999998 172.672 0 0 0 0 0 0 0
helmet 0 0 0 73.27199999999999 151.46666666666667 84.064 167.37066666666666 0 0 0 0 0 0 0
helmet 0 0 0 36.919999999999995 144.65066666666667 51.12 165.09866666666667 0 0 0 0 0 0 0
helmet 0 0 0 142.0 157.52533333333332 151.65599999999998 171.91466666666665 0 0 0 0 0 0 0
head 0 0 0 243.67199999999997 163.584 255.03199999999998 176.45866666666666 0 0 0 0 0 0 0
helmet 0 0 0 236.85599999999997 168.88533333333334 245.37599999999998 180.24533333333332 0 0 0 0 0 0 0
head 0 0 0 24.991999999999997 151.46666666666667 37.488 165.856 0 0 0 0 0 0 0
