helmet 0 0 0 153.09375 147.91666666666669 167.14583333333334 173.55555555555557 0 0 0 0 0 0 0
helmet 0 0 0 31.802083333333336 157.77777777777777 43.63541666666667 176.51388888888889 0 0 0 0 0 0 0
helmet 0 0 0 10.354166666666668 150.875 20.708333333333336 164.68055555555557 0 0 0 0 0 0 0
helmet 0 0 0 18.489583333333336 156.79166666666669 28.84375 175.5277777777778 0 0 0 0 0 0 0
helmet 0 0 0 59.90625 155.80555555555557 68.78125 173.55555555555557 0 0 0 0 0 0 0
helmet 0 0 0 73.95833333333334 151.86111111111111 83.57291666666667 170.59722222222223 0 0 0 0 0 0 0
helmet 0 0 0 82.83333333333334 157.77777777777777 96.14583333333334 180.45833333333334 0 0 0 0 0 0 0
helmet 0 0 0 106.5 148.90277777777777 119.8125 170.59722222222223 0 0 0 0 0 0 0
helmet 0 0 0 142.73958333333334 156.79166666666669 153.09375 176.51388888888889 0 0 0 0 0 0 0
helmet 0 0 0 136.08333333333334 152.84722222222223 144.95833333333334 170.59722222222223 0 0 0 0 0 0 0
helmet 0 0 0 176.02083333333334 151.86111111111111 186.375 169.61111111111111 0 0 0 0 0 0 0
helmet 0 0 0 187.85416666666669 150.875 197.46875 170.59722222222223 0 0 0 0 0 0 0
helmet 0 0 0 198.20833333333334 155.80555555555557 210.04166666666669 176.51388888888889 0 0 0 0 0 0 0
head 0 0 0 255.89583333333334 166.6527777777778 275.86458333333337 193.2777777777778 0 0 0 0 0 0 0
helmet 0 0 0 220.39583333333334 148.90277777777777 234.44791666666669 169.61111111111111 0 0 0 0 0 0 0
helmet 0 0 0 250.71875 148.90277777777777 260.33333333333337 166.6527777777778 0 0 0 0 0 0 0
helmet 0 0 0 268.46875 148.90277777777777 282.52083333333337 171.58333333333334 0 0 0 0 0 0 0
