helmet 0 0 0 0.568 80.16816816816817 13.631999999999998 129.63363363363362 0 0 0 0 0 0 0
head 0 0 0 131.77599999999998 111.72372372372372 155.63199999999998 153.51351351351352 0 0 0 0 0 0 0
head 0 0 0 91.448 116.84084084084084 113.6 158.63063063063063 0 0 0 0 0 0 0
head 0 0 0 173.23999999999998 119.3993993993994 196.528 167.15915915915915 0 0 0 0 0 0 0
head 0 0 0 192.552 132.19219219219218 209.02399999999997 168.86486486486487 0 0 0 0 0 0 0
head 0 0 0 145.976 91.25525525525525 162.44799999999998 121.1051051051051 0 0 0 0 0 0 0
head 0 0 0 115.30399999999999 88.69669669669669 131.77599999999998 119.3993993993994 0 0 0 0 0 0 0
head 0 0 0 262.416 101.48948948948949 276.048 129.63363363363362 0 0 0 0 0 0 0
head 0 0 0 222.65599999999998 95.51951951951952 237.42399999999998 125.36936936936937 0 0 0 0 0 0 0
head 0 0 0 219.248 80.16816816816817 232.31199999999998 105.75375375375376 0 0 0 0 0 0 0
head 0 0 0 90.312 100.63663663663664 109.624 128.7807807807808 0 0 0 0 0 0 0
head 0 0 0 235.152 105.75375375375376 247.64799999999997 135.6036036036036 0 0 0 0 0 0 0
head 0 0 0 236.85599999999997 86.13813813813813 249.92 109.16516516516516 0 0 0 0 0 0 0
head 0 0 0 125.52799999999999 108.31231231231232 138.59199999999998 137.3093093093093 0 0 0 0 0 0 0
head 0 0 0 257.304 95.51951951951952 267.52799999999996 118.54654654654655 0 0 0 0 0 0 0
head 0 0 0 277.18399999999997 88.69669669669669 283.43199999999996 114.28228228228228 0 0 0 0 0 0 0
