head 0 0 0 6.942222222222222 72.18729096989966 29.66222222222222 113.9799331103679 0 0 0 0 0 0 0
head 0 0 0 128.74666666666667 65.53846153846155 152.7288888888889 113.03010033444816 0 0 0 0 0 0 0
head 0 0 0 66.89777777777778 77.88628762541806 90.24888888888889 121.57859531772576 0 0 0 0 0 0 0
head 0 0 0 201.32444444444442 58.88963210702342 226.56888888888886 109.23076923076924 0 0 0 0 0 0 0
head 0 0 0 155.88444444444443 79.78595317725753 171.6622222222222 114.92976588628763 0 0 0 0 0 0 0
head 0 0 0 32.18666666666667 81.68561872909699 44.80888888888889 104.48160535117057 0 0 0 0 0 0 0
head 0 0 0 59.95555555555555 83.58528428093646 68.7911111111111 103.53177257525084 0 0 0 0 0 0 0
head 0 0 0 99.71555555555555 81.68561872909699 110.44444444444444 102.58193979933111 0 0 0 0 0 0 0
head 0 0 0 172.29333333333332 85.48494983277592 182.3911111111111 105.4314381270903 0 0 0 0 0 0 0
head 0 0 0 87.72444444444444 79.78595317725753 98.45333333333333 103.53177257525084 0 0 0 0 0 0 0
