helmet 0 0 0 261.28 11.975903614457831 280.592 47.903614457831324 0 0 0 0 0 0 0
helmet 0 0 0 159.04 221.55421686746988 197.664 283.144578313253 0 0 0 0 0 0 0
helmet 0 0 0 178.92 8.55421686746988 202.20799999999997 57.31325301204819 0 0 0 0 0 0 0
helmet 0 0 0 237.42399999999998 17.963855421686745 257.87199999999996 51.325301204819276 0 0 0 0 0 0 0
helmet 0 0 0 119.84799999999998 33.36144578313253 148.248 84.6867469879518 0 0 0 0 0 0 0
helmet 0 0 0 240.26399999999998 62.44578313253012 266.392 103.50602409638554 0 0 0 0 0 0 0
helmet 0 0 0 199.368 73.56626506024097 227.76799999999997 124.03614457831326 0 0 0 0 0 0 0
helmet 0 0 0 0.568 66.72289156626506 17.607999999999997 122.32530120481927 0 0 0 0 0 0 0
helmet 0 0 0 70.43199999999999 3.4216867469879517 85.19999999999999 29.08433734939759 0 0 0 0 0 0 0
helmet 0 0 0 54.52799999999999 13.686746987951807 69.29599999999999 44.48192771084337 0 0 0 0 0 0 0
