head 0 0 0 248.21599999999998 103.1951951951952 276.048 140.72072072072072 0 0 0 0 0 0 0
head 0 0 0 72.704 95.51951951951952 89.74399999999999 126.22222222222221 0 0 0 0 0 0 0
head 0 0 0 218.67999999999998 104.04804804804805 238.55999999999997 136.45645645645646 0 0 0 0 0 0 0
head 0 0 0 156.2 101.48948948948949 171.53599999999997 126.22222222222221 0 0 0 0 0 0 0
head 0 0 0 268.664 82.72672672672672 282.864 121.95795795795796 0 0 0 0 0 0 0
helmet 0 0 0 89.17599999999999 101.48948948948949 98.264 125.36936936936937 0 0 0 0 0 0 0
helmet 0 0 0 109.05599999999998 109.16516516516516 118.14399999999999 126.22222222222221 0 0 0 0 0 0 0
helmet 0 0 0 145.976 112.57657657657657 155.064 129.63363363363362 0 0 0 0 0 0 0
head 0 0 0 122.68799999999999 114.28228228228228 131.77599999999998 132.19219219219218 0 0 0 0 0 0 0
head 0 0 0 98.264 114.28228228228228 107.91999999999999 133.04504504504504 0 0 0 0 0 0 0
head 0 0 0 173.23999999999998 110.87087087087087 187.43999999999997 138.16216216216216 0 0 0 0 0 0 0
head 0 0 0 186.87199999999999 110.01801801801801 194.82399999999998 127.92792792792793 0 0 0 0 0 0 0
head 0 0 0 203.91199999999998 113.42942942942943 215.83999999999997 132.19219219219218 0 0 0 0 0 0 0
