head 0 0 0 102.24 92.10810810810811 119.27999999999999 125.36936936936937 0 0 0 0 0 0 0
head 0 0 0 240.26399999999998 89.54954954954955 277.75199999999995 145.83783783783784 0 0 0 0 0 0 0
head 0 0 0 169.26399999999998 107.45945945945945 186.30399999999997 137.3093093093093 0 0 0 0 0 0 0
head 0 0 0 28.967999999999996 103.1951951951952 42.032 128.7807807807808 0 0 0 0 0 0 0
head 0 0 0 88.03999999999999 115.13513513513513 97.696 133.8978978978979 0 0 0 0 0 0 0
head 0 0 0 204.48 118.54654654654655 219.81599999999997 140.72072072072072 0 0 0 0 0 0 0
head 0 0 0 195.392 117.69369369369369 203.344 136.45645645645646 0 0 0 0 0 0 0
head 0 0 0 79.52 115.13513513513513 88.03999999999999 134.75075075075074 0 0 0 0 0 0 0
head 0 0 0 139.72799999999998 107.45945945945945 149.384 127.92792792792793 0 0 0 0 0 0 0
head 0 0 0 150.51999999999998 114.28228228228228 161.88 137.3093093093093 0 0 0 0 0 0 0
