helmet 0 0 0 124.96 99.96799999999999 139.16 124.96 0 0 0 0 0 0 0
helmet 0 0 0 30.103999999999996 117.38666666666666 44.303999999999995 139.34933333333333 0 0 0 0 0 0 0
helmet 0 0 0 71.0 110.57066666666667 81.22399999999999 126.47466666666666 0 0 0 0 0 0 0
helmet 0 0 0 85.76799999999999 108.29866666666666 93.71999999999998 127.232 0 0 0 0 0 0 0
helmet 0 0 0 92.58399999999999 117.38666666666666 100.53599999999999 131.01866666666666 0 0 0 0 0 0 0
helmet 0 0 0 105.648 118.14399999999999 113.6 132.53333333333333 0 0 0 0 0 0 0
helmet 0 0 0 191.98399999999998 107.54133333333333 204.48 124.96 0 0 0 0 0 0 0
helmet 0 0 0 209.02399999999997 99.96799999999999 219.248 122.68799999999999 0 0 0 0 0 0 0
helmet 0 0 0 27.831999999999997 106.02666666666666 36.919999999999995 122.68799999999999 0 0 0 0 0 0 0
helmet 0 0 0 17.607999999999997 112.08533333333332 27.263999999999996 127.232 0 0 0 0 0 0 0
