helmet 0 0 0 53.0919881305638 62.48 105.3412462908012 118.01777777777777 0 0 0 0 0 0 0
helmet 0 0 0 0.8427299703264095 58.69333333333333 28.652818991097924 115.49333333333333 0 0 0 0 0 0 0
helmet 0 0 0 166.86053412462908 59.95555555555555 221.6379821958457 116.12444444444444 0 0 0 0 0 0 0
helmet 0 0 0 104.49851632047478 52.38222222222222 157.59050445103858 99.71555555555555 0 0 0 0 0 0 0
helmet 0 0 0 36.23738872403561 38.49777777777778 80.9020771513353 87.72444444444444 0 0 0 0 0 0 0
helmet 0 0 0 143.2640949554896 35.97333333333333 186.2433234421365 76.99555555555555 0 0 0 0 0 0 0
helmet 0 0 0 205.62611275964392 36.60444444444444 251.13353115727003 94.03555555555555 0 0 0 0 0 0 0
helmet 0 0 0 17.6973293768546 41.02222222222222 53.0919881305638 82.04444444444444 0 0 0 0 0 0 0
helmet 0 0 0 0.8427299703264095 30.924444444444443 24.439169139465875 62.48 0 0 0 0 0 0 0
helmet 0 0 0 103.65578635014838 23.35111111111111 140.7359050445104 57.43111111111111 0 0 0 0 0 0 0
helmet 0 0 0 242.70623145400594 41.02222222222222 270.51632047477744 86.46222222222221 0 0 0 0 0 0 0
helmet 0 0 0 53.0919881305638 27.76888888888889 89.3293768545994 58.06222222222222 0 0 0 0 0 0 0
helmet 0 0 0 195.513353115727 5.0488888888888885 224.16617210682492 25.875555555555554 0 0 0 0 0 0 0
helmet 0 0 0 221.6379821958457 13.884444444444444 253.66172106824925 43.54666666666667 0 0 0 0 0 0 0
helmet 0 0 0 260.40356083086056 32.18666666666667 283.1572700296736 78.88888888888889 0 0 0 0 0 0 0
helmet 0 0 0 92.70029673590504 7.573333333333332 119.66765578635015 35.34222222222222 0 0 0 0 0 0 0
helmet 0 0 0 75.00296735905044 20.195555555555554 102.81305637982196 51.75111111111111 0 0 0 0 0 0 0
