helmet 0 0 0 34.647999999999996 95.42399999999999 57.93599999999999 129.504 0 0 0 0 0 0 0
helmet 0 0 0 228.90399999999997 128.74666666666667 245.37599999999998 155.25333333333333 0 0 0 0 0 0 0
helmet 0 0 0 99.96799999999999 112.84266666666666 110.75999999999999 132.53333333333333 0 0 0 0 0 0 0
helmet 0 0 0 88.03999999999999 132.53333333333333 95.99199999999999 146.92266666666666 0 0 0 0 0 0 0
helmet 0 0 0 110.75999999999999 121.93066666666667 120.41599999999998 137.0773333333333 0 0 0 0 0 0 0
helmet 0 0 0 136.32 134.048 146.54399999999998 149.19466666666665 0 0 0 0 0 0 0
helmet 0 0 0 136.88799999999998 111.32799999999999 147.67999999999998 127.232 0 0 0 0 0 0 0
helmet 0 0 0 156.76799999999997 114.35733333333333 168.128 130.26133333333334 0 0 0 0 0 0 0
helmet 0 0 0 162.44799999999998 107.54133333333333 172.10399999999998 123.44533333333332 0 0 0 0 0 0 0
helmet 0 0 0 177.21599999999998 108.29866666666666 188.576 126.47466666666666 0 0 0 0 0 0 0
