helmet 0 0 0 40.327999999999996 60.55255255255255 61.343999999999994 95.51951951951952 0 0 0 0 0 0 0
helmet 0 0 0 91.448 94.66666666666667 120.41599999999998 136.45645645645646 0 0 0 0 0 0 0
helmet 0 0 0 56.8 120.25225225225225 100.53599999999999 181.65765765765767 0 0 0 0 0 0 0
head 0 0 0 227.76799999999997 22.174174174174173 252.76 66.52252252252252 0 0 0 0 0 0 0
head 0 0 0 192.552 40.93693693693694 208.456 72.49249249249249 0 0 0 0 0 0 0
head 0 0 0 116.43999999999998 56.288288288288285 135.75199999999998 86.13813813813813 0 0 0 0 0 0 0
helmet 0 0 0 166.992 56.288288288288285 178.35199999999998 80.16816816816817 0 0 0 0 0 0 0
helmet 0 0 0 148.81599999999997 63.96396396396396 160.744 87.84384384384384 0 0 0 0 0 0 0
helmet 0 0 0 140.86399999999998 67.37537537537537 149.952 86.990990990991 0 0 0 0 0 0 0
helmet 0 0 0 127.79999999999998 63.96396396396396 138.024 89.54954954954955 0 0 0 0 0 0 0
head 0 0 0 184.6 59.6996996996997 198.79999999999998 80.16816816816817 0 0 0 0 0 0 0
head 0 0 0 258.44 54.58258258258258 269.23199999999997 77.6096096096096 0 0 0 0 0 0 0
