helmet 0 0 0 146.54399999999998 68.43373493975903 170.968 112.9156626506024 0 0 0 0 0 0 0
helmet 0 0 0 73.27199999999999 63.3012048192771 98.832 113.7710843373494 0 0 0 0 0 0 0
helmet 0 0 0 207.88799999999998 74.42168674698794 233.44799999999998 124.89156626506023 0 0 0 0 0 0 0
helmet 0 0 0 33.512 86.39759036144578 48.848 117.19277108433735 0 0 0 0 0 0 0
helmet 0 0 0 95.99199999999999 99.22891566265059 112.46399999999998 130.87951807228916 0 0 0 0 0 0 0
helmet 0 0 0 269.79999999999995 87.25301204819277 281.15999999999997 127.4578313253012 0 0 0 0 0 0 0
helmet 0 0 0 123.25599999999999 96.66265060240964 138.024 126.6024096385542 0 0 0 0 0 0 0
helmet 0 0 0 24.424 94.09638554216868 35.215999999999994 119.75903614457832 0 0 0 0 0 0 0
helmet 0 0 0 180.624 108.63855421686746 192.552 130.87951807228916 0 0 0 0 0 0 0
helmet 0 0 0 272.072 51.325301204819276 283.43199999999996 112.9156626506024 0 0 0 0 0 0 0
