helmet 0 0 0 67.024 45.06586826347306 85.76799999999999 83.32934131736528 0 0 0 0 0 0 0
helmet 0 0 0 52.824 48.467065868263475 68.728 79.92814371257485 0 0 0 0 0 0 0
helmet 0 0 0 134.61599999999999 53.568862275449106 155.064 90.98203592814372 0 0 0 0 0 0 0
helmet 0 0 0 191.98399999999998 40.814371257485035 214.70399999999998 84.17964071856288 0 0 0 0 0 0 0
helmet 0 0 0 107.35199999999999 45.91616766467066 127.79999999999998 85.02994011976048 0 0 0 0 0 0 0
helmet 0 0 0 97.696 52.7185628742515 111.89599999999999 87.58083832335329 0 0 0 0 0 0 0
person 0 0 0 0.568 26.35928143712575 37.488 259.34131736526945 0 0 0 0 0 0 0
person 0 0 0 190.84799999999998 40.814371257485035 226.064 264.4431137724551 0 0 0 0 0 0 0
person 0 0 0 132.91199999999998 53.568862275449106 168.696 263.5928143712575 0 0 0 0 0 0 0
person 0 0 0 81.22399999999999 48.467065868263475 134.048 283.1497005988024 0 0 0 0 0 0 0
person 0 0 0 55.096 46.76646706586826 89.74399999999999 229.5808383233533 0 0 0 0 0 0 0
person 0 0 0 40.327999999999996 49.31736526946108 71.0 215.97604790419163 0 0 0 0 0 0 0
