helmet 0 0 0 1.136 99.21066666666667 18.744 128.74666666666667 0 0 0 0 0 0 0
head 0 0 0 260.14399999999995 112.84266666666666 283.43199999999996 156.768 0 0 0 0 0 0 0
head 0 0 0 56.23199999999999 106.02666666666666 73.27199999999999 133.29066666666665 0 0 0 0 0 0 0
head 0 0 0 150.51999999999998 99.21066666666667 164.152 125.71733333333333 0 0 0 0 0 0 0
head 0 0 0 126.66399999999999 101.48266666666666 142.56799999999998 121.93066666666667 0 0 0 0 0 0 0
head 0 0 0 85.76799999999999 96.18133333333333 99.39999999999999 122.68799999999999 0 0 0 0 0 0 0
head 0 0 0 36.919999999999995 96.18133333333333 49.983999999999995 116.62933333333334 0 0 0 0 0 0 0
helmet 0 0 0 70.43199999999999 90.88 81.79199999999999 109.81333333333333 0 0 0 0 0 0 0
head 0 0 0 69.29599999999999 101.48266666666666 79.52 118.14399999999999 0 0 0 0 0 0 0
head 0 0 0 107.91999999999999 96.93866666666666 118.14399999999999 117.38666666666666 0 0 0 0 0 0 0
head 0 0 0 122.68799999999999 93.90933333333334 132.91199999999998 115.872 0 0 0 0 0 0 0
head 0 0 0 170.968 95.42399999999999 184.03199999999998 116.62933333333334 0 0 0 0 0 0 0
head 0 0 0 142.0 93.90933333333334 151.088 109.056 0 0 0 0 0 0 0
